[gd_scene format=3 uid="uid://dtpmb1j8ijjay"]

[ext_resource type="PackedScene" uid="uid://b3c8u4eiyf3ma" path="res://personaje1.fbx" id="1_a202f"]
[ext_resource type="Script" uid="uid://bsnjp26l3whne" path="res://personaje_1.gd" id="2_a0tk4"]
[ext_resource type="PackedScene" uid="uid://dcmj33gxec6os" path="res://pistol.tscn" id="2_noarx"]
[ext_resource type="PackedScene" uid="uid://kv4thcksgnkv" path="res://Sketchfab_2022_05_05_16_33_28.glb" id="4_wc5p8"]
[ext_resource type="Texture2D" uid="uid://b85lkql1cdlcm" path="res://Sketchfab_2022_05_05_16_33_28_WallsBakeCycles.png" id="5_jsk3o"]
[ext_resource type="Texture2D" uid="uid://b8rlcdro0gu7d" path="res://Sketchfab_2022_05_05_16_33_28_OuterwallsCycles.png" id="6_4arys"]
[ext_resource type="Texture2D" uid="uid://j8thyal28l7r" path="res://Sketchfab_2022_05_05_16_33_28_FloorBakeCycles.png" id="7_6iypd"]

[sub_resource type="PhysicsMaterial" id="PhysicsMaterial_noarx"]

[sub_resource type="BoxShape3D" id="BoxShape3D_a0tk4"]
size = Vector3(14.22757, 1, 17.794922)

[sub_resource type="BoxShape3D" id="BoxShape3D_noarx"]
size = Vector3(1.8525391, 2.5535889, 1.4379883)

[sub_resource type="StandardMaterial3D" id="StandardMaterial3D_tereu"]
albedo_texture = ExtResource("5_jsk3o")

[sub_resource type="StandardMaterial3D" id="StandardMaterial3D_cdqbm"]
albedo_texture = ExtResource("6_4arys")

[sub_resource type="StandardMaterial3D" id="StandardMaterial3D_imku0"]
albedo_texture = ExtResource("7_6iypd")

[node name="Node3D" type="Node3D" unique_id=1768828116]

[node name="StaticBody3D" type="StaticBody3D" parent="." unique_id=1305282770]
transform = Transform3D(5.8109636, 0, 0, 0, 1, 0, 0, 0, 3.3109677, -0.55059814, 0, 11.149193)
physics_material_override = SubResource("PhysicsMaterial_noarx")

[node name="CollisionShape3D" type="CollisionShape3D" parent="StaticBody3D" unique_id=111348100]
transform = Transform3D(1, 0, 0, 0, 1, 0, 0, 0, 1, 0.06990051, 0, -2.1777344)
shape = SubResource("BoxShape3D_a0tk4")

[node name="personaje1" parent="." unique_id=1964176608 instance=ExtResource("1_a202f")]
transform = Transform3D(1.1924881e-08, 0, -1, 0, 1, 0, 1, 0, 1.1924881e-08, -2.852972, 1.4482841, -12.516472)
script = ExtResource("2_a0tk4")

[node name="Armature" parent="personaje1" index="0" unique_id=993977818]
transform = Transform3D(-100, 8.742277e-06, 3.8213706e-13, 0, -4.3711384e-06, 99.99999, 8.742278e-06, 99.99999, 4.3711384e-06, 0, -0.4410711, 0)

[node name="Skeleton3D" parent="personaje1/Armature" index="0" unique_id=716025839]
bones/1/rotation = Quaternion(-6.528497e-30, 1.7763568e-14, 0, 1)
bones/2/rotation = Quaternion(0, -2.3665827e-30, -2.019484e-28, 1)
bones/3/rotation = Quaternion(0, 3.1554436e-30, -2.021456e-28, 1)
bones/6/rotation = Quaternion(0.17416325, -0.16491905, -0.44886053, 0.8608095)
bones/9/rotation = Quaternion(-0.031536218, -0.026746398, 0.51236904, 0.8577692)

[node name="Cube" parent="personaje1/Armature/Skeleton3D" index="0" unique_id=1209920208]
transform = Transform3D(1, -3.5527133e-14, 2.3841847e-07, 2.384185e-07, 3.576278e-07, -0.9999998, -4.973799e-14, 0.9999998, 3.576278e-07, 0, 0, 0)
bone_idx = 0

[node name="Cube_001" parent="personaje1/Armature/Skeleton3D" index="1" unique_id=359704092]
transform = Transform3D(1, -3.552713e-14, 2.3841848e-07, 2.3841852e-07, 3.5762778e-07, -0.99999976, -4.9738005e-14, 0.99999976, 3.5762778e-07, -3.1715828e-16, 3.1926197e-09, 0.008927211)
bone_idx = 1

[node name="Cube_002" parent="personaje1/Armature/Skeleton3D" index="2" unique_id=455421071]
transform = Transform3D(1, -3.5527127e-14, 2.3841848e-07, 2.3841852e-07, 3.5762775e-07, -0.99999976, -4.9738005e-14, 0.9999997, 3.5762778e-07, -6.4093406e-16, 6.2432375e-09, 0.01704069)
bone_idx = 2

[node name="Cube_003" parent="personaje1/Armature/Skeleton3D" index="3" unique_id=985543711]
transform = Transform3D(1, -3.5527123e-14, 2.3841847e-07, 2.3841852e-07, 3.5762773e-07, -0.9999997, -4.9738005e-14, 0.99999964, 3.5762775e-07, -7.5593027e-16, 7.4008275e-09, 0.020277547)
bone_idx = 3

[node name="Cube_004" parent="personaje1/Armature/Skeleton3D" index="4" unique_id=1170394717]
transform = Transform3D(-0.9617458, 0.27394307, -1.5172817e-07, -0.1275777, -0.44789413, -0.88493747, -0.24242239, -0.85108477, 0.4657093, 0.0047254446, 5.771306e-09, 0.015411533)
bone_idx = 6

[node name="Cube_005" parent="personaje1/Armature/Skeleton3D" index="5" unique_id=108118742]
transform = Transform3D(-0.98642737, -0.16419879, 9.099838e-08, -0.013567963, 0.08150922, -0.99658, 0.16363716, -0.9830537, -0.082630746, -0.0047076885, 5.776023e-09, 0.015433728)
bone_idx = 9

[node name="Pistol" parent="personaje1/Armature/Skeleton3D/Cube_005/Cube_005" parent_id_path=PackedInt32Array(1964176608, 1522836094) index="0" unique_id=555757438 instance=ExtResource("2_noarx")]
transform = Transform3D(0.00026397558, 0.00041999, 0.00998769, 0.000413321, -0.00998309, 0.0004088733, 0.0012484965, 5.0253024e-05, -3.511143e-05, -0.0024158582, 0.008663889, -0.008007677)

[node name="CollisionShape3D" type="CollisionShape3D" parent="personaje1" unique_id=1427953727]
transform = Transform3D(1, 0, 0, 0, 1, 0, 0, 0, 1, 0.16259766, 0.77679443, 0.21899414)
shape = SubResource("BoxShape3D_noarx")

[node name="Camera3D" type="Camera3D" parent="personaje1" unique_id=638828167]
transform = Transform3D(1, 0, 0, 0, 1, 0, 0, 0, 1, 0.26163292, 1.3356614, 2.867584)
current = true

[node name="Sketchfab_2022_05_05_16_33_28" parent="." unique_id=1071136430 instance=ExtResource("4_wc5p8")]
transform = Transform3D(1, 0, 0, 0, 1, 0, 0, 0, 1, 6.1350956, 0.50001335, -1.2187035)

[node name="walls_001" parent="Sketchfab_2022_05_05_16_33_28" index="0" unique_id=136134397]
surface_material_override/0 = SubResource("StandardMaterial3D_tereu")

[node name="OuterWalls_002" parent="Sketchfab_2022_05_05_16_33_28" index="1" unique_id=2105693915]
surface_material_override/0 = SubResource("StandardMaterial3D_cdqbm")

[node name="Floor" parent="Sketchfab_2022_05_05_16_33_28" index="2" unique_id=521726196]
surface_material_override/0 = SubResource("StandardMaterial3D_imku0")

[node name="SpotLight3D" type="SpotLight3D" parent="." unique_id=362727360]
transform = Transform3D(1, 0, 0, 0, -0.012705699, 0.9999193, 0, -0.9999193, -0.012705699, 0, 8.029232, -17.023586)
spot_range = 9.400766

[node name="SpotLight3D2" type="SpotLight3D" parent="." unique_id=1702471554]
transform = Transform3D(1, 0, 0, 0, 0.06878132, 0.9976318, 0, -0.9976318, 0.06878132, 0, 5.015448, 7.858267)
shadow_enabled = true
spot_range = 9.400766
spot_attenuation = 10.0

[node name="SpotLight3D3" type="SpotLight3D" parent="." unique_id=461861968]
transform = Transform3D(1, 0, 0, 0, 0.039399244, 0.9992236, 0, -0.9992236, 0.039399244, 10.181529, 3.731532, -3.1188202)
spot_range = 9.400766

[node name="SpotLight3D4" type="SpotLight3D" parent="." unique_id=1077676519]
transform = Transform3D(1, 0, 0, 0, 0.12065647, 0.9926944, 0, -0.9926944, 0.12065647, 10.181529, -0.35539937, 21.737339)
spot_range = 9.400766

[node name="DirectionalLight3D" type="DirectionalLight3D" parent="." unique_id=313766519]
transform = Transform3D(1, 0, 0, 0, 0.8208004, 0.5712151, 0, -0.5712151, 0.8208004, 0, 15.141718, 0)
shadow_enabled = true

[editable path="personaje1"]
[editable path="personaje1/Armature/Skeleton3D/Cube_005/Cube_005/Pistol"]
[editable path="Sketchfab_2022_05_05_16_33_28"]
